t=-5:0.01:5;
